Raw data for experiments
(All data are saved as vectors in R for us to draw plots easily)

# (2)
This is the input size.size <- c(500,1000,1500,2000,2500,3000,3500,4000,4500,5000,5500,6000,6500,7000,7500,8000,8500,9000,9500,10000)

This is the runtime for AVLTreeavl <- c(0.3067362, 0.5335394, 0.5540615999999999, 0.5963843333333334, 0.6929411999999999, 0.8319362666666668, 1.076163, 1.0681329333333334, 1.1825807333333334, 1.1684269333333333, 1.2931559333333333, 1.4799792666666667, 1.5390415333333334, 1.7901920666666666, 1.6744979333333334, 1.9443540666666665, 1.8527848666666666, 2.0478253333333334, 2.2878453999999997, 2.604155866666667)

This is the runtime for BSTbst <- c(1.4931303333333332, 2.6548692666666667, 6.202709, 12.0379422, 16.952612066666667, 24.789320266666667, 33.3223766, 43.344446399999995, 53.95337246666667, 66.3733112, 76.880086, 90.8234856, 109.47056506666667, 125.6174898, 131.73663133333332, 149.8879697333333, 166.09136813333333, 204.86303666666666, 240.124463, 239.278777)

# （3）
Input size
size <- c(500,1000,1500,2000,2500,3000,3500,4000,4500,5000,6000,6500,7000,7500,8000,8500,9000,9500,10000)

Runtime for MTFList chain
mtfchain <- c(0.08307573333333333, 0.11644493333333333, 0.0749496, 0.09423033333333333, 0.15449120000000002, 0.16282866666666665, 0.11560446666666666, 0.147718, 0.13260073333333333, 0.1915625333333333, 0.240779, 0.28374886666666665, 0.32441146666666665, 0.26401246666666667, 0.25978273333333335, 0.29551659999999996, 0.41574686666666666, 0.33322066666666667, 0.5112851333333334)

Runtime for BST chain
bstchain <- c(0.0879062, 0.12925106666666666, 0.09130473333333333, 0.10372126666666666, 0.1788982, 0.19978506666666668, 0.15466639999999998, 0.18019273333333333, 0.17921146666666668, 0.25687973333333336, 0.29461686666666664, 0.32256959999999996, 0.34100946666666665, 0.2931047333333333, 0.32165193333333336, 0.32334620000000003, 0.40742186666666663, 0.36920353333333333, 0.6159478666666667)

Runtime for AVLTree chain
avlchain <- c(0.12986326666666667, 0.1942522, 0.17231553333333333, 0.16837153333333332, 0.2749704, 0.31573406666666665, 0.2611711333333333, 0.39423379999999997, 0.3470873333333333, 0.4788117333333333, 0.5940227333333333, 0.6352073333333333, 0.7969233333333333, 0.6619604666666666, 0.6028344666666666, 0.6901120666666667, 0.5946194666666667, 0.5269638666666667, 0.8456185333333334)


# (4)
Input size
size <- c(500,1000,1500,2000,2500,3000,3500,4000,4500,5000,5500,6000,6500,7000,7500,8000,8500,9000,9500,10000)

Runtime for original hash function
originalT <- c(0.27470826666666665, 0.6472946666666666, 0.7021466, 0.6017452, 0.5357774666666667, 0.6467906, 0.9004084, 1.0526183333333332, 0.8629726666666666, 1.0257363333333334, 1.1036434, 1.1220140666666667, 1.2942528666666666, 1.4250775333333334, 1.4499311333333333, 1.5241740666666665, 1.5113900666666666, 1.8182038666666667, 1.7055429333333334, 1.7617411333333333)

Runtime for new hash function
newT <- c(0.20614306666666668, 0.5575893333333334, 0.5076797333333334, 0.55587, 0.8530232, 1.2797745333333335, 1.6473622666666665, 1.641, 1.4265292, 1.6318404666666666, 1.7971503333333332, 1.9637233333333333, 1.9936478666666666, 2.2181686000000003, 2.7233686, 3.2087326666666667, 3.035782, 3.3569752000000004, 3.958055466666667, 3.8038225333333333)


# (5)
Trial number
trials <- c(1,2,3,4,5,6,7,8,9,10,11,12,13,14,15)

Runtime for BST
bst5 <- c(13.86919, 14.499789, 13.062265, 13.192247, 12.318669, 11.678897, 12.295926, 12.088136, 12.342776, 12.862388, 12.346147, 12.116841, 12.03614, 12.20325, 11.105108)

Runtime for AVLTree
avl5 <- c(27.257381, 23.839914, 23.158996, 22.91185, 23.127468, 23.118034, 23.884968, 23.620952, 23.50076, 27.894344, 24.899814, 26.161423, 26.041312, 25.042538, 27.826691)

Runtime for ChainingHashTable
chaining5 <- c(6.735383, 6.827815, 6.561545, 6.098205, 6.064837, 5.782377, 5.803525, 5.643349, 6.466367, 5.422817, 5.620332, 5.413456, 5.672129, 5.600144, 5.34894)

Runtime for HashTrieMap
trie5 <- c(7.819471, 7.256599, 5.220818, 5.566292, 4.863518, 4.823663, 4.851186, 4.76137, 4.755885, 4.767772, 4.74867, 4.464977, 6.418231, 5.996866, 6.702189)

Average runtime
BST: 13.106941466666667
AVLTree: 25.650482399999998
ChainingHashTable: 5.969000266666667
HashTrieMap: 5.4011618666666665

